0.010000 1.119705
0.020000 1.129471
0.022000 1.134318
0.025000 1.136194
0.029000 1.148959
0.030000 1.156538
0.032000 1.150415
0.035000 1.289143
0.036000 1.317624
0.040000 1.265034
0.042000 1.366398
0.044000 1.508861
0.045000 1.591402
0.046000 1.687887
0.048000 1.955434
0.050000 2.108527
0.055000 2.071701
0.060000 2.096376
0.065000 2.009436
0.067000 2.106573
0.070000 2.243855
0.075000 2.249319
0.080000 2.525665
0.085000 2.710261
0.090000 2.708394
0.095000 2.639393
0.100000 2.571807
0.110000 2.394339
0.120000 2.916540
0.130000 3.278401
0.133000 3.177059
0.140000 2.808487
0.150000 2.643238
0.160000 2.833711
0.170000 2.755086
0.180000 2.682351
0.190000 3.024053
0.200000 2.999430
0.220000 2.710847
0.240000 2.350435
0.250000 2.140145
0.260000 1.937547
0.280000 1.592226
0.290000 1.536289
0.300000 1.494681
0.320000 1.530483
0.340000 1.658307
0.350000 1.655369
0.360000 1.628161
0.380000 1.638304
0.400000 1.665816
0.420000 1.615996
0.440000 1.535557
0.450000 1.504770
0.460000 1.477887
0.480000 1.413265
0.500000 1.329448
0.550000 1.174916
0.600000 1.078006
0.650000 1.019542
0.667000 0.995414
0.700000 0.982028
0.750000 0.945292
0.800000 0.856742
0.850000 0.763719
0.900000 0.673473
0.950000 0.575642
1.000000 0.512134
1.100000 0.423445
1.200000 0.356771
1.300000 0.301985
1.400000 0.266872
1.500000 0.236202
1.600000 0.221433
1.700000 0.219368
1.800000 0.206114
1.900000 0.173334
2.000000 0.142044
2.200000 0.100858
2.400000 0.077253
2.500000 0.070468
2.600000 0.064142
2.800000 0.053164
3.000000 0.044282
3.200000 0.038952
3.400000 0.035175
3.500000 0.033546
3.600000 0.032057
3.800000 0.029450
4.000000 0.027198
4.200000 0.025192
4.400000 0.023414
4.600000 0.021823
4.800000 0.020375
5.000000 0.019056
5.500000 0.016244
6.000000 0.013936
6.500000 0.012045
7.000000 0.010488
7.500000 0.009173
8.000000 0.008056
8.500000 0.007103
9.000000 0.006279
9.500000 0.005558
10.000000 0.004925
11.000000 0.003898
12.000000 0.003142
13.000000 0.002589
14.000000 0.002176
15.000000 0.001859
20.000000 0.000988
