0.010000 1.544696
0.020000 1.570587
0.022000 1.588864
0.025000 1.635316
0.029000 1.718162
0.030000 1.684225
0.032000 1.698175
0.035000 2.122103
0.036000 2.246336
0.040000 2.199218
0.042000 2.311455
0.044000 2.580271
0.045000 2.667798
0.046000 2.748005
0.048000 2.859623
0.050000 2.856773
0.055000 3.037818
0.060000 2.607892
0.065000 2.717914
0.067000 2.705147
0.070000 3.014783
0.075000 3.997058
0.080000 4.659665
0.085000 4.435223
0.090000 4.115362
0.095000 4.519374
0.100000 5.128667
0.110000 5.678050
0.120000 4.998746
0.130000 4.785754
0.133000 5.101768
0.140000 5.376692
0.150000 6.041568
0.160000 5.676475
0.170000 4.585210
0.180000 3.596238
0.190000 2.709493
0.200000 2.628156
0.220000 2.316449
0.240000 2.605584
0.250000 2.700354
0.260000 2.438534
0.280000 2.000457
0.290000 1.971166
0.300000 2.030267
0.320000 1.959045
0.340000 2.032638
0.350000 2.119942
0.360000 2.225015
0.380000 2.322297
0.400000 2.251452
0.420000 2.075729
0.440000 1.939931
0.450000 1.883264
0.460000 1.823243
0.480000 1.671897
0.500000 1.503587
0.550000 1.217433
0.600000 1.084896
0.650000 1.016155
0.667000 0.995674
0.700000 0.972691
0.750000 0.917997
0.800000 0.943172
0.850000 1.010144
0.900000 1.002919
0.950000 0.977835
1.000000 0.928119
1.100000 0.888220
1.200000 0.891694
1.300000 0.850749
1.400000 0.750995
1.500000 0.659554
1.600000 0.573359
1.700000 0.483889
1.800000 0.408900
1.900000 0.340027
2.000000 0.295515
2.200000 0.222309
2.400000 0.168670
2.500000 0.147461
2.600000 0.129151
2.800000 0.099849
3.000000 0.082948
3.200000 0.072383
3.400000 0.063600
3.500000 0.059763
3.600000 0.056248
3.800000 0.050067
4.000000 0.044832
4.200000 0.040371
4.400000 0.036542
4.600000 0.033234
4.800000 0.030360
5.000000 0.027846
5.500000 0.022789
6.000000 0.019011
6.500000 0.016113
7.000000 0.013841
7.500000 0.012024
8.000000 0.010547
8.500000 0.009331
9.000000 0.008326
9.500000 0.007477
10.000000 0.006753
11.000000 0.005588
12.000000 0.004702
13.000000 0.004012
14.000000 0.003463
15.000000 0.003020
20.000000 0.001706
